-0.31225 -0.95 0 70 2917
-0.11225 -0.95 0 70 2917
0.0877501 -0.95 0 70 2917
0.28775 -0.95 0 70 2917
-0.661438 -0.75 0 70 2917
-0.461438 -0.75 0 70 2917
-0.261438 -0.75 0 70 2917
-0.0614378 -0.75 0 70 2917
0.138562 -0.75 0 70 2917
0.338562 -0.75 0 70 2917
0.538562 -0.75 0 70 2917
-0.835165 -0.55 0 70 2917
-0.635165 -0.55 0 70 2917
-0.435165 -0.55 0 70 2917
-0.235165 -0.55 0 70 2917
-0.0351647 -0.55 0 70 2917
0.164835 -0.55 0 70 2917
0.364835 -0.55 0 70 2917
0.564835 -0.55 0 70 2917
0.764835 -0.55 0 70 2917
-0.93675 -0.35 0 70 2917
-0.73675 -0.35 0 70 2917
-0.53675 -0.35 0 70 2917
-0.33675 -0.35 0 70 2917
-0.13675 -0.35 0 70 2917
0.0632503 -0.35 0 70 2917
0.26325 -0.35 0 70 2917
0.46325 -0.35 0 70 2917
0.66325 -0.35 0 70 2917
0.86325 -0.35 0 70 2917
-0.988686 -0.15 0 70 2917
-0.788686 -0.15 0 70 2917
-0.588686 -0.15 0 70 2917
-0.388686 -0.15 0 70 2917
-0.188686 -0.15 0 70 2917
0.011314 -0.15 0 70 2917
0.211314 -0.15 0 70 2917
0.411314 -0.15 0 70 2917
0.611314 -0.15 0 70 2917
0.811314 -0.15 0 70 2917
-0.998749 0.05 0 70 2917
-0.798749 0.05 0 70 2917
-0.598749 0.05 0 70 2917
-0.398749 0.05 0 70 2917
-0.198749 0.05 0 70 2917
0.00125078 0.05 0 70 2917
0.201251 0.05 0 70 2917
0.401251 0.05 0 70 2917
0.601251 0.05 0 70 2917
0.801251 0.05 0 70 2917
-0.968246 0.25 0 70 2917
-0.768246 0.25 0 70 2917
-0.568246 0.25 0 70 2917
-0.368246 0.25 0 70 2917
-0.168246 0.25 0 70 2917
0.0317542 0.25 0 70 2917
0.231754 0.25 0 70 2917
0.431754 0.25 0 70 2917
0.631754 0.25 0 70 2917
0.831754 0.25 0 70 1190
-0.893029 0.45 0 70 2917
-0.693029 0.45 0 70 2917
-0.493029 0.45 0 70 2917
-0.293029 0.45 0 70 2917
-0.0930286 0.45 0 70 2917
0.106971 0.45 0 70 2917
0.306971 0.45 0 70 2917
0.506971 0.45 0 70 1866
0.706971 0.45 0 70 520
-0.759934 0.65 0 70 2917
-0.559934 0.65 0 70 2917
-0.359934 0.65 0 70 2917
-0.159934 0.65 0 70 2917
0.0400658 0.65 0 70 2917
0.240066 0.65 0 70 2917
0.440066 0.65 0 70 455
0.640066 0.65 0 70 23
-0.526783 0.85 0 70 2917
-0.326783 0.85 0 70 2917
-0.126783 0.85 0 70 2917
0.0732173 0.85 0 70 983
0.273217 0.85 0 70 161
0.473217 0.85 0 70 32
