
-1 -0 0 0 2917
-1 -0 0 10 2917
-1 -0 0 20 2917
-1 -0 0 30 2917
-1 -0 0 40 2917
-1 -0 0 50 2917
-1 -0 0 60 2917
-1 -0 0 70 2917
-1 -0 0 80 2917
-1 -0 0 90 2917
-1 -0 0 100 2917
-0.8 -0.6 5.55112e-17 0 2917
-0.8 -0.6 5.55112e-17 10 2917
-0.8 -0.6 5.55112e-17 20 2917
-0.8 -0.6 5.55112e-17 30 2917
-0.8 -0.6 5.55112e-17 40 2917
-0.8 -0.6 5.55112e-17 50 2917
-0.8 -0.6 5.55112e-17 60 2917
-0.8 -0.6 5.55112e-17 70 2917
-0.8 -0.6 5.55112e-17 80 2917
-0.8 -0.6 5.55112e-17 90 2917
-0.8 -0.6 5.55112e-17 100 2917
-0.8 -0.4 0.2 0 2917
-0.8 -0.4 0.2 10 2917
-0.8 -0.4 0.2 20 2917
-0.8 -0.4 0.2 30 2917
-0.8 -0.4 0.2 40 2917
-0.8 -0.4 0.2 50 2917
-0.8 -0.4 0.2 60 2917
-0.8 -0.4 0.2 70 2917
-0.8 -0.4 0.2 80 2917
-0.8 -0.4 0.2 90 2917
-0.8 -0.4 0.2 100 2917
-0.8 -0.2 0.32 0 2917
-0.8 -0.2 0.32 10 2917
-0.8 -0.2 0.32 20 2917
-0.8 -0.2 0.32 30 2917
-0.8 -0.2 0.32 40 2917
-0.8 -0.2 0.32 50 2917
-0.8 -0.2 0.32 60 2917
-0.8 -0.2 0.32 70 2917
-0.8 -0.2 0.32 80 2917
-0.8 -0.2 0.32 90 2917
-0.8 -0.2 0.32 100 2917
-0.8 1.66533e-16 0.36 0 2932
-0.8 1.66533e-16 0.36 10 2917
-0.8 1.66533e-16 0.36 20 2917
-0.8 1.66533e-16 0.36 30 2917
-0.8 1.66533e-16 0.36 40 2917
-0.8 1.66533e-16 0.36 50 2917
-0.8 1.66533e-16 0.36 60 2917
-0.8 1.66533e-16 0.36 70 2917
-0.8 1.66533e-16 0.36 80 2917
-0.8 1.66533e-16 0.36 90 2917
-0.8 1.66533e-16 0.36 100 2917
-0.8 0.2 0.32 0 1950
-0.8 0.2 0.32 10 2917
-0.8 0.2 0.32 20 2917
-0.8 0.2 0.32 30 2917
-0.8 0.2 0.32 40 2917
-0.8 0.2 0.32 50 2917
-0.8 0.2 0.32 60 2917
-0.8 0.2 0.32 70 2917
-0.8 0.2 0.32 80 2917
-0.8 0.2 0.32 90 2917
-0.8 0.2 0.32 100 2917
-0.8 0.4 0.2 0 1322
-0.8 0.4 0.2 10 2058
-0.8 0.4 0.2 20 2917
-0.8 0.4 0.2 30 2917
-0.8 0.4 0.2 40 2917
-0.8 0.4 0.2 50 2917
-0.8 0.4 0.2 60 2917
-0.8 0.4 0.2 70 2917
-0.8 0.4 0.2 80 2917
-0.8 0.4 0.2 90 2917
-0.8 0.4 0.2 100 2917
-0.6 -0.8 0 0 2917
-0.6 -0.8 0 10 2917
-0.6 -0.8 0 20 2917
-0.6 -0.8 0 30 2917
-0.6 -0.8 0 40 2917
-0.6 -0.8 0 50 2917
-0.6 -0.8 0 60 2917
-0.6 -0.8 0 70 2917
-0.6 -0.8 0 80 2917
-0.6 -0.8 0 90 2917
-0.6 -0.8 0 100 2917
-0.6 -0.6 0.28 0 2917
-0.6 -0.6 0.28 10 2917
-0.6 -0.6 0.28 20 2917
-0.6 -0.6 0.28 30 2917
-0.6 -0.6 0.28 40 2917
-0.6 -0.6 0.28 50 2917
-0.6 -0.6 0.28 60 2917
-0.6 -0.6 0.28 70 2917
-0.6 -0.6 0.28 80 2917
-0.6 -0.6 0.28 90 2917
-0.6 -0.6 0.28 100 2917
-0.6 -0.4 0.48 0 2917
-0.6 -0.4 0.48 10 2917
-0.6 -0.4 0.48 20 2917
-0.6 -0.4 0.48 30 2917
-0.6 -0.4 0.48 40 2917
-0.6 -0.4 0.48 50 2917
-0.6 -0.4 0.48 60 2917
-0.6 -0.4 0.48 70 2917
-0.6 -0.4 0.48 80 2917
-0.6 -0.4 0.48 90 2917
-0.6 -0.4 0.48 100 2917
-0.6 -0.2 0.6 0 1614
-0.6 -0.2 0.6 10 2565
-0.6 -0.2 0.6 20 2917
-0.6 -0.2 0.6 30 2917
-0.6 -0.2 0.6 40 2917
-0.6 -0.2 0.6 50 2917
-0.6 -0.2 0.6 60 2917
-0.6 -0.2 0.6 70 2917
-0.6 -0.2 0.6 80 2917
-0.6 -0.2 0.6 90 2917
-0.6 -0.2 0.6 100 2917
-0.6 1.66533e-16 0.64 0 1166
-0.6 1.66533e-16 0.64 10 1358
-0.6 1.66533e-16 0.64 20 2030
-0.6 1.66533e-16 0.64 30 2917
-0.6 1.66533e-16 0.64 40 2917
-0.6 1.66533e-16 0.64 50 2917
-0.6 1.66533e-16 0.64 60 2917
-0.6 1.66533e-16 0.64 70 2917
-0.6 1.66533e-16 0.64 80 2917
-0.6 1.66533e-16 0.64 90 2917
-0.6 1.66533e-16 0.64 100 2917
-0.6 0.2 0.6 0 1080
-0.6 0.2 0.6 10 1076
-0.6 0.2 0.6 20 1202
-0.6 0.2 0.6 30 1919
-0.6 0.2 0.6 40 2917
-0.6 0.2 0.6 50 2917
-0.6 0.2 0.6 60 2917
-0.6 0.2 0.6 70 2917
-0.6 0.2 0.6 80 2917
-0.6 0.2 0.6 90 2917
-0.6 0.2 0.6 100 2917
-0.6 0.4 0.48 0 713
-0.6 0.4 0.48 10 938
-0.6 0.4 0.48 20 1076
-0.6 0.4 0.48 30 1243
-0.6 0.4 0.48 40 2917
-0.6 0.4 0.48 50 2917
-0.6 0.4 0.48 60 2917
-0.6 0.4 0.48 70 2917
-0.6 0.4 0.48 80 2917
-0.6 0.4 0.48 90 2917
-0.6 0.4 0.48 100 2917
-0.6 0.6 0.28 0 717
-0.6 0.6 0.28 10 304
-0.6 0.6 0.28 20 892
-0.6 0.6 0.28 30 1365
-0.6 0.6 0.28 40 2529
-0.6 0.6 0.28 50 2917
-0.6 0.6 0.28 60 2917
-0.6 0.6 0.28 70 2917
-0.6 0.6 0.28 80 2917
-0.6 0.6 0.28 90 2917
-0.6 0.6 0.28 100 2917
-0.4 -0.916515 0 0 2917
-0.4 -0.916515 0 10 2917
-0.4 -0.916515 0 20 2917
-0.4 -0.916515 0 30 2917
-0.4 -0.916515 0 40 2917
-0.4 -0.916515 0 50 2917
-0.4 -0.916515 0 60 2917
-0.4 -0.916515 0 70 2917
-0.4 -0.916515 0 80 2917
-0.4 -0.916515 0 90 2917
-0.4 -0.916515 0 100 2917
-0.4 -0.716515 0.326606 0 2917
-0.4 -0.716515 0.326606 10 2917
-0.4 -0.716515 0.326606 20 2917
-0.4 -0.716515 0.326606 30 2917
-0.4 -0.716515 0.326606 40 2917
-0.4 -0.716515 0.326606 50 2917
-0.4 -0.716515 0.326606 60 2917
-0.4 -0.716515 0.326606 70 2917
-0.4 -0.716515 0.326606 80 2917
-0.4 -0.716515 0.326606 90 2917
-0.4 -0.716515 0.326606 100 2917
-0.4 -0.516515 0.573212 0 1925
-0.4 -0.516515 0.573212 10 2917
-0.4 -0.516515 0.573212 20 2917
-0.4 -0.516515 0.573212 30 2917
-0.4 -0.516515 0.573212 40 2917
-0.4 -0.516515 0.573212 50 2917
-0.4 -0.516515 0.573212 60 2917
-0.4 -0.516515 0.573212 70 2917
-0.4 -0.516515 0.573212 80 2917
-0.4 -0.516515 0.573212 90 2917
-0.4 -0.516515 0.573212 100 2917
-0.4 -0.316515 0.739818 0 1045
-0.4 -0.316515 0.739818 10 1248
-0.4 -0.316515 0.739818 20 1927
-0.4 -0.316515 0.739818 30 2917
-0.4 -0.316515 0.739818 40 2917
-0.4 -0.316515 0.739818 50 2917
-0.4 -0.316515 0.739818 60 2917
-0.4 -0.316515 0.739818 70 2917
-0.4 -0.316515 0.739818 80 2917
-0.4 -0.316515 0.739818 90 2917
-0.4 -0.316515 0.739818 100 2917
-0.4 -0.116515 0.826424 0 1480
-0.4 -0.116515 0.826424 10 1229
-0.4 -0.116515 0.826424 20 1201
-0.4 -0.116515 0.826424 30 1542
-0.4 -0.116515 0.826424 40 2477
-0.4 -0.116515 0.826424 50 2917
-0.4 -0.116515 0.826424 60 2917
-0.4 -0.116515 0.826424 70 2917
-0.4 -0.116515 0.826424 80 2917
-0.4 -0.116515 0.826424 90 2917
-0.4 -0.116515 0.826424 100 2917
-0.4 0.0834849 0.83303 0 1714
-0.4 0.0834849 0.83303 10 1508
-0.4 0.0834849 0.83303 20 1250
-0.4 0.0834849 0.83303 30 1197
-0.4 0.0834849 0.83303 40 1287
-0.4 0.0834849 0.83303 50 2399
-0.4 0.0834849 0.83303 60 2917
-0.4 0.0834849 0.83303 70 2917
-0.4 0.0834849 0.83303 80 2917
-0.4 0.0834849 0.83303 90 2917
-0.4 0.0834849 0.83303 100 2917
-0.4 0.283485 0.759636 0 1517
-0.4 0.283485 0.759636 10 1001
-0.4 0.283485 0.759636 20 1284
-0.4 0.283485 0.759636 30 1101
-0.4 0.283485 0.759636 40 996
-0.4 0.283485 0.759636 50 1145
-0.4 0.283485 0.759636 60 2917
-0.4 0.283485 0.759636 70 2917
-0.4 0.283485 0.759636 80 2917
-0.4 0.283485 0.759636 90 2917
-0.4 0.283485 0.759636 100 2917
-0.4 0.483485 0.606242 0 1232
-0.4 0.483485 0.606242 10 754
-0.4 0.483485 0.606242 20 756
-0.4 0.483485 0.606242 30 1198
-0.4 0.483485 0.606242 40 1077
-0.4 0.483485 0.606242 50 851
-0.4 0.483485 0.606242 60 2917
-0.4 0.483485 0.606242 70 2917
-0.4 0.483485 0.606242 80 2917
-0.4 0.483485 0.606242 90 2917
-0.4 0.483485 0.606242 100 2917
-0.4 0.683485 0.372848 0 1259
-0.4 0.683485 0.372848 10 854
-0.4 0.683485 0.372848 20 564
-0.4 0.683485 0.372848 30 565
-0.4 0.683485 0.372848 40 992
-0.4 0.683485 0.372848 50 1425
-0.4 0.683485 0.372848 60 2876
-0.4 0.683485 0.372848 70 2917
-0.4 0.683485 0.372848 80 2917
-0.4 0.683485 0.372848 90 2917
-0.4 0.683485 0.372848 100 2917
-0.4 0.883485 0.0594545 0 1214
-0.4 0.883485 0.0594545 10 848
-0.4 0.883485 0.0594545 20 431
-0.4 0.883485 0.0594545 30 73
-0.4 0.883485 0.0594545 40 242
-0.4 0.883485 0.0594545 50 1124
-0.4 0.883485 0.0594545 60 1866
-0.4 0.883485 0.0594545 70 2917
-0.4 0.883485 0.0594545 80 2917
-0.4 0.883485 0.0594545 90 2917
-0.4 0.883485 0.0594545 100 2917
-0.2 -0.979796 0 0 2917
-0.2 -0.979796 0 10 2917
-0.2 -0.979796 0 20 2917
-0.2 -0.979796 0 30 2917
-0.2 -0.979796 0 40 2917
-0.2 -0.979796 0 50 2917
-0.2 -0.979796 0 60 2917
-0.2 -0.979796 0 70 2917
-0.2 -0.979796 0 80 2917
-0.2 -0.979796 0 90 2917
-0.2 -0.979796 0 100 2917
-0.2 -0.779796 0.351918 0 2917
-0.2 -0.779796 0.351918 10 2917
-0.2 -0.779796 0.351918 20 2917
-0.2 -0.779796 0.351918 30 2917
-0.2 -0.779796 0.351918 40 2917
-0.2 -0.779796 0.351918 50 2917
-0.2 -0.779796 0.351918 60 2917
-0.2 -0.779796 0.351918 70 2917
-0.2 -0.779796 0.351918 80 2917
-0.2 -0.779796 0.351918 90 2917
-0.2 -0.779796 0.351918 100 2917
-0.2 -0.579796 0.623837 0 1049
-0.2 -0.579796 0.623837 10 1673
-0.2 -0.579796 0.623837 20 2917
-0.2 -0.579796 0.623837 30 2917
-0.2 -0.579796 0.623837 40 2917
-0.2 -0.579796 0.623837 50 2917
-0.2 -0.579796 0.623837 60 2917
-0.2 -0.579796 0.623837 70 2917
-0.2 -0.579796 0.623837 80 2917
-0.2 -0.579796 0.623837 90 2917
-0.2 -0.579796 0.623837 100 2917
-0.2 -0.379796 0.815755 0 1233
-0.2 -0.379796 0.815755 10 1015
-0.2 -0.379796 0.815755 20 1230
-0.2 -0.379796 0.815755 30 1586
-0.2 -0.379796 0.815755 40 2102
-0.2 -0.379796 0.815755 50 2917
-0.2 -0.379796 0.815755 60 2917
-0.2 -0.379796 0.815755 70 2917
-0.2 -0.379796 0.815755 80 2917
-0.2 -0.379796 0.815755 90 2917
-0.2 -0.379796 0.815755 100 2917
-0.2 -0.179796 0.927673 0 2213
-0.2 -0.179796 0.927673 10 1662
-0.2 -0.179796 0.927673 20 1120
-0.2 -0.179796 0.927673 30 1024
-0.2 -0.179796 0.927673 40 1163
-0.2 -0.179796 0.927673 50 1692
-0.2 -0.179796 0.927673 60 2349
-0.2 -0.179796 0.927673 70 2917
-0.2 -0.179796 0.927673 80 2917
-0.2 -0.179796 0.927673 90 2917
-0.2 -0.179796 0.927673 100 2917
-0.2 0.0202041 0.959592 0 1630
-0.2 0.0202041 0.959592 10 2028
-0.2 0.0202041 0.959592 20 1653
-0.2 0.0202041 0.959592 30 1257
-0.2 0.0202041 0.959592 40 984
-0.2 0.0202041 0.959592 50 988
-0.2 0.0202041 0.959592 60 1530
-0.2 0.0202041 0.959592 70 2369
-0.2 0.0202041 0.959592 80 2917
-0.2 0.0202041 0.959592 90 2917
-0.2 0.0202041 0.959592 100 2917
-0.2 0.220204 0.91151 0 2199
-0.2 0.220204 0.91151 10 1429
-0.2 0.220204 0.91151 20 1397
-0.2 0.220204 0.91151 30 1453
-0.2 0.220204 0.91151 40 1206
-0.2 0.220204 0.91151 50 1005
-0.2 0.220204 0.91151 60 890
-0.2 0.220204 0.91151 70 1777
-0.2 0.220204 0.91151 80 2917
-0.2 0.220204 0.91151 90 2917
-0.2 0.220204 0.91151 100 2917
-0.2 0.420204 0.783429 0 2911
-0.2 0.420204 0.783429 10 2008
-0.2 0.420204 0.783429 20 1121
-0.2 0.420204 0.783429 30 722
-0.2 0.420204 0.783429 40 1123
-0.2 0.420204 0.783429 50 1075
-0.2 0.420204 0.783429 60 746
-0.2 0.420204 0.783429 70 1028
-0.2 0.420204 0.783429 80 2917
-0.2 0.420204 0.783429 90 2917
-0.2 0.420204 0.783429 100 2917
-0.2 0.620204 0.575347 0 2917
-0.2 0.620204 0.575347 10 1145
-0.2 0.620204 0.575347 20 1003
-0.2 0.620204 0.575347 30 602
-0.2 0.620204 0.575347 40 816
-0.2 0.620204 0.575347 50 1243
-0.2 0.620204 0.575347 60 907
-0.2 0.620204 0.575347 70 1153
-0.2 0.620204 0.575347 80 2917
-0.2 0.620204 0.575347 90 2917
-0.2 0.620204 0.575347 100 2917
-0.2 0.820204 0.287265 0 2917
-0.2 0.820204 0.287265 10 1064
-0.2 0.820204 0.287265 20 902
-0.2 0.820204 0.287265 30 603
-0.2 0.820204 0.287265 40 470
-0.2 0.820204 0.287265 50 548
-0.2 0.820204 0.287265 60 889
-0.2 0.820204 0.287265 70 1744
-0.2 0.820204 0.287265 80 2917
-0.2 0.820204 0.287265 90 2917
-0.2 0.820204 0.287265 100 2917
-5.55112e-17 -1 0 0 2917
-5.55112e-17 -1 0 10 2917
-5.55112e-17 -1 0 20 2917
-5.55112e-17 -1 0 30 2917
-5.55112e-17 -1 0 40 2917
-5.55112e-17 -1 0 50 2917
-5.55112e-17 -1 0 60 2917
-5.55112e-17 -1 0 70 2917
-5.55112e-17 -1 0 80 2917
-5.55112e-17 -1 0 90 2917
-5.55112e-17 -1 0 100 2917
-5.55112e-17 -0.8 0.36 0 2258
-5.55112e-17 -0.8 0.36 10 2917
-5.55112e-17 -0.8 0.36 20 2917
-5.55112e-17 -0.8 0.36 30 2917
-5.55112e-17 -0.8 0.36 40 2917
-5.55112e-17 -0.8 0.36 50 2917
-5.55112e-17 -0.8 0.36 60 2917
-5.55112e-17 -0.8 0.36 70 2917
-5.55112e-17 -0.8 0.36 80 2917
-5.55112e-17 -0.8 0.36 90 2917
-5.55112e-17 -0.8 0.36 100 2917
-5.55112e-17 -0.6 0.64 0 979
-5.55112e-17 -0.6 0.64 10 987
-5.55112e-17 -0.6 0.64 20 1563
-5.55112e-17 -0.6 0.64 30 2917
-5.55112e-17 -0.6 0.64 40 2917
-5.55112e-17 -0.6 0.64 50 2917
-5.55112e-17 -0.6 0.64 60 2917
-5.55112e-17 -0.6 0.64 70 2917
-5.55112e-17 -0.6 0.64 80 2917
-5.55112e-17 -0.6 0.64 90 2917
-5.55112e-17 -0.6 0.64 100 2917
-5.55112e-17 -0.4 0.84 0 2106
-5.55112e-17 -0.4 0.84 10 1262
-5.55112e-17 -0.4 0.84 20 984
-5.55112e-17 -0.4 0.84 30 1212
-5.55112e-17 -0.4 0.84 40 1432
-5.55112e-17 -0.4 0.84 50 1922
-5.55112e-17 -0.4 0.84 60 2917
-5.55112e-17 -0.4 0.84 70 2917
-5.55112e-17 -0.4 0.84 80 2917
-5.55112e-17 -0.4 0.84 90 2917
-5.55112e-17 -0.4 0.84 100 2917
-5.55112e-17 -0.2 0.96 0 1688
-5.55112e-17 -0.2 0.96 10 2282
-5.55112e-17 -0.2 0.96 20 1841
-5.55112e-17 -0.2 0.96 30 1044
-5.55112e-17 -0.2 0.96 40 971
-5.55112e-17 -0.2 0.96 50 1047
-5.55112e-17 -0.2 0.96 60 1352
-5.55112e-17 -0.2 0.96 70 1633
-5.55112e-17 -0.2 0.96 80 2917
-5.55112e-17 -0.2 0.96 90 2917
-5.55112e-17 -0.2 0.96 100 2917
-5.55112e-17 -5.55112e-17 1 0 2917
-5.55112e-17 -5.55112e-17 1 10 1809
-5.55112e-17 -5.55112e-17 1 20 2135
-5.55112e-17 -5.55112e-17 1 30 1782
-5.55112e-17 -5.55112e-17 1 40 1299
-5.55112e-17 -5.55112e-17 1 50 902
-5.55112e-17 -5.55112e-17 1 60 910
-5.55112e-17 -5.55112e-17 1 70 1221
-5.55112e-17 -5.55112e-17 1 80 1836
-5.55112e-17 -5.55112e-17 1 90 2917
-5.55112e-17 -5.55112e-17 1 100 2917
-5.55112e-17 0.2 0.96 0 2917
-5.55112e-17 0.2 0.96 10 2090
-5.55112e-17 0.2 0.96 20 1563
-5.55112e-17 0.2 0.96 30 1624
-5.55112e-17 0.2 0.96 40 1429
-5.55112e-17 0.2 0.96 50 1192
-5.55112e-17 0.2 0.96 60 812
-5.55112e-17 0.2 0.96 70 778
-5.55112e-17 0.2 0.96 80 1300
-5.55112e-17 0.2 0.96 90 2142
-5.55112e-17 0.2 0.96 100 2917
-5.55112e-17 0.4 0.84 0 2917
-5.55112e-17 0.4 0.84 10 2955
-5.55112e-17 0.4 0.84 20 1947
-5.55112e-17 0.4 0.84 30 1218
-5.55112e-17 0.4 0.84 40 735
-5.55112e-17 0.4 0.84 50 1135
-5.55112e-17 0.4 0.84 60 1067
-5.55112e-17 0.4 0.84 70 673
-5.55112e-17 0.4 0.84 80 760
-5.55112e-17 0.4 0.84 90 1923
-5.55112e-17 0.4 0.84 100 2917
-5.55112e-17 0.6 0.64 0 2917
-5.55112e-17 0.6 0.64 10 2917
-5.55112e-17 0.6 0.64 20 2703
-5.55112e-17 0.6 0.64 30 1917
-5.55112e-17 0.6 0.64 40 757
-5.55112e-17 0.6 0.64 50 845
-5.55112e-17 0.6 0.64 60 1217
-5.55112e-17 0.6 0.64 70 909
-5.55112e-17 0.6 0.64 80 810
-5.55112e-17 0.6 0.64 90 2917
-5.55112e-17 0.6 0.64 100 2917
-5.55112e-17 0.8 0.36 0 2917
-5.55112e-17 0.8 0.36 10 2917
-5.55112e-17 0.8 0.36 20 1057
-5.55112e-17 0.8 0.36 30 961
-5.55112e-17 0.8 0.36 40 621
-5.55112e-17 0.8 0.36 50 483
-5.55112e-17 0.8 0.36 60 625
-5.55112e-17 0.8 0.36 70 813
-5.55112e-17 0.8 0.36 80 1219
-5.55112e-17 0.8 0.36 90 2917
-5.55112e-17 0.8 0.36 100 2917
-5.55112e-17 1 0 0 2917
-5.55112e-17 1 0 10 2917
-5.55112e-17 1 0 20 1338
-5.55112e-17 1 0 30 859
-5.55112e-17 1 0 40 473
-5.55112e-17 1 0 50 44
-5.55112e-17 1 0 60 88
-5.55112e-17 1 0 70 436
-5.55112e-17 1 0 80 1151
-5.55112e-17 1 0 90 2917
-5.55112e-17 1 0 100 2917
0.2 -0.979796 0 0 2917
0.2 -0.979796 0 10 2917
0.2 -0.979796 0 20 2917
0.2 -0.979796 0 30 2917
0.2 -0.979796 0 40 2917
0.2 -0.979796 0 50 2917
0.2 -0.979796 0 60 2917
0.2 -0.979796 0 70 2917
0.2 -0.979796 0 80 2917
0.2 -0.979796 0 90 2917
0.2 -0.979796 0 100 2917
0.2 -0.779796 0.351918 0 920
0.2 -0.779796 0.351918 10 2135
0.2 -0.779796 0.351918 20 2917
0.2 -0.779796 0.351918 30 2917
0.2 -0.779796 0.351918 40 2917
0.2 -0.779796 0.351918 50 2917
0.2 -0.779796 0.351918 60 2917
0.2 -0.779796 0.351918 70 2917
0.2 -0.779796 0.351918 80 2917
0.2 -0.779796 0.351918 90 2917
0.2 -0.779796 0.351918 100 2917
0.2 -0.579796 0.623837 0 821
0.2 -0.579796 0.623837 10 969
0.2 -0.579796 0.623837 20 985
0.2 -0.579796 0.623837 30 1497
0.2 -0.579796 0.623837 40 2917
0.2 -0.579796 0.623837 50 2917
0.2 -0.579796 0.623837 60 2917
0.2 -0.579796 0.623837 70 2917
0.2 -0.579796 0.623837 80 2917
0.2 -0.579796 0.623837 90 2917
0.2 -0.579796 0.623837 100 2917
0.2 -0.379796 0.815755 0 1596
0.2 -0.379796 0.815755 10 2167
0.2 -0.379796 0.815755 20 1205
0.2 -0.379796 0.815755 30 991
0.2 -0.379796 0.815755 40 1191
0.2 -0.379796 0.815755 50 1446
0.2 -0.379796 0.815755 60 1953
0.2 -0.379796 0.815755 70 2917
0.2 -0.379796 0.815755 80 2917
0.2 -0.379796 0.815755 90 2917
0.2 -0.379796 0.815755 100 2917
0.2 -0.179796 0.927673 0 2773
0.2 -0.179796 0.927673 10 1526
0.2 -0.179796 0.927673 20 2240
0.2 -0.179796 0.927673 30 1909
0.2 -0.179796 0.927673 40 1030
0.2 -0.179796 0.927673 50 1045
0.2 -0.179796 0.927673 60 1163
0.2 -0.179796 0.927673 70 1472
0.2 -0.179796 0.927673 80 1709
0.2 -0.179796 0.927673 90 2917
0.2 -0.179796 0.927673 100 2917
0.2 0.0202041 0.959592 0 2917
0.2 0.0202041 0.959592 10 2694
0.2 0.0202041 0.959592 20 1638
0.2 0.0202041 0.959592 30 2026
0.2 0.0202041 0.959592 40 1784
0.2 0.0202041 0.959592 50 1420
0.2 0.0202041 0.959592 60 900
0.2 0.0202041 0.959592 70 959
0.2 0.0202041 0.959592 80 1148
0.2 0.0202041 0.959592 90 1384
0.2 0.0202041 0.959592 100 2917
0.2 0.220204 0.91151 0 2917
0.2 0.220204 0.91151 10 2917
0.2 0.220204 0.91151 20 2337
0.2 0.220204 0.91151 30 1451
0.2 0.220204 0.91151 40 1588
0.2 0.220204 0.91151 50 1454
0.2 0.220204 0.91151 60 1272
0.2 0.220204 0.91151 70 769
0.2 0.220204 0.91151 80 777
0.2 0.220204 0.91151 90 1129
0.2 0.220204 0.91151 100 1773
0.2 0.420204 0.783429 0 2917
0.2 0.420204 0.783429 10 2917
0.2 0.420204 0.783429 20 2993
0.2 0.420204 0.783429 30 2120
0.2 0.420204 0.783429 40 1275
0.2 0.420204 0.783429 50 802
0.2 0.420204 0.783429 60 1196
0.2 0.420204 0.783429 70 904
0.2 0.420204 0.783429 80 682
0.2 0.420204 0.783429 90 875
0.2 0.420204 0.783429 100 1829
0.2 0.620204 0.575347 0 2917
0.2 0.620204 0.575347 10 2917
0.2 0.620204 0.575347 20 2917
0.2 0.620204 0.575347 30 1192
0.2 0.620204 0.575347 40 1108
0.2 0.620204 0.575347 50 671
0.2 0.620204 0.575347 60 813
0.2 0.620204 0.575347 70 1025
0.2 0.620204 0.575347 80 911
0.2 0.620204 0.575347 90 944
0.2 0.620204 0.575347 100 2917
0.2 0.820204 0.287265 0 2917
0.2 0.820204 0.287265 10 2917
0.2 0.820204 0.287265 20 2917
0.2 0.820204 0.287265 30 1114
0.2 0.820204 0.287265 40 1007
0.2 0.820204 0.287265 50 604
0.2 0.820204 0.287265 60 373
0.2 0.820204 0.287265 70 469
0.2 0.820204 0.287265 80 858
0.2 0.820204 0.287265 90 1300
0.2 0.820204 0.287265 100 2917
0.4 -0.916515 -1.11022e-16 0 1180
0.4 -0.916515 -1.11022e-16 10 2917
0.4 -0.916515 -1.11022e-16 20 2917
0.4 -0.916515 -1.11022e-16 30 2917
0.4 -0.916515 -1.11022e-16 40 2917
0.4 -0.916515 -1.11022e-16 50 2917
0.4 -0.916515 -1.11022e-16 60 2917
0.4 -0.916515 -1.11022e-16 70 2917
0.4 -0.916515 -1.11022e-16 80 2917
0.4 -0.916515 -1.11022e-16 90 2917
0.4 -0.916515 -1.11022e-16 100 2917
0.4 -0.716515 0.326606 0 107
0.4 -0.716515 0.326606 10 885
0.4 -0.716515 0.326606 20 1694
0.4 -0.716515 0.326606 30 2917
0.4 -0.716515 0.326606 40 2917
0.4 -0.716515 0.326606 50 2917
0.4 -0.716515 0.326606 60 2917
0.4 -0.716515 0.326606 70 2917
0.4 -0.716515 0.326606 80 2917
0.4 -0.716515 0.326606 90 2917
0.4 -0.716515 0.326606 100 2917
0.4 -0.516515 0.573212 0 1305
0.4 -0.516515 0.573212 10 317
0.4 -0.516515 0.573212 20 984
0.4 -0.516515 0.573212 30 984
0.4 -0.516515 0.573212 40 1458
0.4 -0.516515 0.573212 50 2917
0.4 -0.516515 0.573212 60 2917
0.4 -0.516515 0.573212 70 2917
0.4 -0.516515 0.573212 80 2917
0.4 -0.516515 0.573212 90 2917
0.4 -0.516515 0.573212 100 2917
0.4 -0.316515 0.739818 0 3020
0.4 -0.316515 0.739818 10 2044
0.4 -0.316515 0.739818 20 1765
0.4 -0.316515 0.739818 30 1162
0.4 -0.316515 0.739818 40 977
0.4 -0.316515 0.739818 50 1162
0.4 -0.316515 0.739818 60 1573
0.4 -0.316515 0.739818 70 2108
0.4 -0.316515 0.739818 80 2917
0.4 -0.316515 0.739818 90 2917
0.4 -0.316515 0.739818 100 2917
0.4 -0.116515 0.826424 0 2917
0.4 -0.116515 0.826424 10 3093
0.4 -0.116515 0.826424 20 1895
0.4 -0.116515 0.826424 30 1941
0.4 -0.116515 0.826424 40 1868
0.4 -0.116515 0.826424 50 1015
0.4 -0.116515 0.826424 60 1071
0.4 -0.116515 0.826424 70 1290
0.4 -0.116515 0.826424 80 1580
0.4 -0.116515 0.826424 90 2917
0.4 -0.116515 0.826424 100 2917
0.4 0.0834849 0.83303 0 2917
0.4 0.0834849 0.83303 10 2917
0.4 0.0834849 0.83303 20 2879
0.4 0.0834849 0.83303 30 1706
0.4 0.0834849 0.83303 40 1727
0.4 0.0834849 0.83303 50 1659
0.4 0.0834849 0.83303 60 1055
0.4 0.0834849 0.83303 70 927
0.4 0.0834849 0.83303 80 1062
0.4 0.0834849 0.83303 90 1216
0.4 0.0834849 0.83303 100 1592
0.4 0.283485 0.759636 0 2917
0.4 0.283485 0.759636 10 2917
0.4 0.283485 0.759636 20 2917
0.4 0.283485 0.759636 30 2606
0.4 0.283485 0.759636 40 1648
0.4 0.283485 0.759636 50 1170
0.4 0.283485 0.759636 60 1491
0.4 0.283485 0.759636 70 1014
0.4 0.283485 0.759636 80 896
0.4 0.283485 0.759636 90 936
0.4 0.283485 0.759636 100 1319
0.4 0.483485 0.606242 0 2917
0.4 0.483485 0.606242 10 2917
0.4 0.483485 0.606242 20 2917
0.4 0.483485 0.606242 30 1279
0.4 0.483485 0.606242 40 1244
0.4 0.483485 0.606242 50 1006
0.4 0.483485 0.606242 60 825
0.4 0.483485 0.606242 70 1100
0.4 0.483485 0.606242 80 912
0.4 0.483485 0.606242 90 896
0.4 0.483485 0.606242 100 1370
0.4 0.683485 0.372848 0 2917
0.4 0.683485 0.372848 10 2917
0.4 0.683485 0.372848 20 2917
0.4 0.683485 0.372848 30 2917
0.4 0.683485 0.372848 40 1364
0.4 0.683485 0.372848 50 1107
0.4 0.683485 0.372848 60 572
0.4 0.683485 0.372848 70 223
0.4 0.683485 0.372848 80 935
0.4 0.683485 0.372848 90 955
0.4 0.683485 0.372848 100 1699
0.4 0.883485 0.0594545 0 2917
0.4 0.883485 0.0594545 10 2917
0.4 0.883485 0.0594545 20 2917
0.4 0.883485 0.0594545 30 2917
0.4 0.883485 0.0594545 40 1379
0.4 0.883485 0.0594545 50 828
0.4 0.883485 0.0594545 60 158
0.4 0.883485 0.0594545 70 29
0.4 0.883485 0.0594545 80 156
0.4 0.883485 0.0594545 90 860
0.4 0.883485 0.0594545 100 1696
0.6 -0.8 -1.11022e-16 0 473
0.6 -0.8 -1.11022e-16 10 1270
0.6 -0.8 -1.11022e-16 20 2163
0.6 -0.8 -1.11022e-16 30 2917
0.6 -0.8 -1.11022e-16 40 2917
0.6 -0.8 -1.11022e-16 50 2917
0.6 -0.8 -1.11022e-16 60 2917
0.6 -0.8 -1.11022e-16 70 2917
0.6 -0.8 -1.11022e-16 80 2917
0.6 -0.8 -1.11022e-16 90 2917
0.6 -0.8 -1.11022e-16 100 2917
0.6 -0.6 0.28 0 196
0.6 -0.6 0.28 10 27
0.6 -0.6 0.28 20 545
0.6 -0.6 0.28 30 1462
0.6 -0.6 0.28 40 2917
0.6 -0.6 0.28 50 2917
0.6 -0.6 0.28 60 2917
0.6 -0.6 0.28 70 2917
0.6 -0.6 0.28 80 2917
0.6 -0.6 0.28 90 2917
0.6 -0.6 0.28 100 2917
0.6 -0.4 0.48 0 1416
0.6 -0.4 0.48 10 1281
0.6 -0.4 0.48 20 204
0.6 -0.4 0.48 30 639
0.6 -0.4 0.48 40 948
0.6 -0.4 0.48 50 1652
0.6 -0.4 0.48 60 2917
0.6 -0.4 0.48 70 2917
0.6 -0.4 0.48 80 2917
0.6 -0.4 0.48 90 2917
0.6 -0.4 0.48 100 2917
0.6 -0.2 0.6 0 2917
0.6 -0.2 0.6 10 1654
0.6 -0.2 0.6 20 1523
0.6 -0.2 0.6 30 1505
0.6 -0.2 0.6 40 864
0.6 -0.2 0.6 50 981
0.6 -0.2 0.6 60 1233
0.6 -0.2 0.6 70 1959
0.6 -0.2 0.6 80 2917
0.6 -0.2 0.6 90 2917
0.6 -0.2 0.6 100 2917
0.6 -5.55112e-17 0.64 0 2917
0.6 -5.55112e-17 0.64 10 2917
0.6 -5.55112e-17 0.64 20 3413
0.6 -5.55112e-17 0.64 30 2580
0.6 -5.55112e-17 0.64 40 1821
0.6 -5.55112e-17 0.64 50 1003
0.6 -5.55112e-17 0.64 60 992
0.6 -5.55112e-17 0.64 70 1159
0.6 -5.55112e-17 0.64 80 1548
0.6 -5.55112e-17 0.64 90 2125
0.6 -5.55112e-17 0.64 100 2917
0.6 0.2 0.6 0 2917
0.6 0.2 0.6 10 2917
0.6 0.2 0.6 20 2917
0.6 0.2 0.6 30 1754
0.6 0.2 0.6 40 1668
0.6 0.2 0.6 50 1607
0.6 0.2 0.6 60 919
0.6 0.2 0.6 70 990
0.6 0.2 0.6 80 1098
0.6 0.2 0.6 90 1430
0.6 0.2 0.6 100 2108
0.6 0.4 0.48 0 2917
0.6 0.4 0.48 10 2917
0.6 0.4 0.48 20 2917
0.6 0.4 0.48 30 2917
0.6 0.4 0.48 40 1794
0.6 0.4 0.48 50 1734
0.6 0.4 0.48 60 872
0.6 0.4 0.48 70 587
0.6 0.4 0.48 80 998
0.6 0.4 0.48 90 1142
0.6 0.4 0.48 100 1550
0.6 0.6 0.28 0 2917
0.6 0.6 0.28 10 2917
0.6 0.6 0.28 20 2917
0.6 0.6 0.28 30 2917
0.6 0.6 0.28 40 1748
0.6 0.6 0.28 50 1541
0.6 0.6 0.28 60 689
0.6 0.6 0.28 70 72
0.6 0.6 0.28 80 584
0.6 0.6 0.28 90 900
0.6 0.6 0.28 100 1334
0.6 0.8 -1.11022e-16 0 2917
0.6 0.8 -1.11022e-16 10 2917
0.6 0.8 -1.11022e-16 20 2917
0.6 0.8 -1.11022e-16 30 2917
0.6 0.8 -1.11022e-16 40 2917
0.6 0.8 -1.11022e-16 50 1389
0.6 0.8 -1.11022e-16 60 198
0.6 0.8 -1.11022e-16 70 16
0.6 0.8 -1.11022e-16 80 59
0.6 0.8 -1.11022e-16 90 484
0.6 0.8 -1.11022e-16 100 1260
0.8 -0.6 5.55112e-17 0 188
0.8 -0.6 5.55112e-17 10 99
0.8 -0.6 5.55112e-17 20 316
0.8 -0.6 5.55112e-17 30 1718
0.8 -0.6 5.55112e-17 40 2917
0.8 -0.6 5.55112e-17 50 2917
0.8 -0.6 5.55112e-17 60 2917
0.8 -0.6 5.55112e-17 70 2917
0.8 -0.6 5.55112e-17 80 2917
0.8 -0.6 5.55112e-17 90 2917
0.8 -0.6 5.55112e-17 100 2917
0.8 -0.4 0.2 0 2917
0.8 -0.4 0.2 10 1023
0.8 -0.4 0.2 20 277
0.8 -0.4 0.2 30 40
0.8 -0.4 0.2 40 602
0.8 -0.4 0.2 50 2685
0.8 -0.4 0.2 60 2917
0.8 -0.4 0.2 70 2917
0.8 -0.4 0.2 80 2917
0.8 -0.4 0.2 90 2917
0.8 -0.4 0.2 100 2917
0.8 -0.2 0.32 0 2917
0.8 -0.2 0.32 10 2917
0.8 -0.2 0.32 20 1730
0.8 -0.2 0.32 30 1072
0.8 -0.2 0.32 40 146
0.8 -0.2 0.32 50 558
0.8 -0.2 0.32 60 1492
0.8 -0.2 0.32 70 2917
0.8 -0.2 0.32 80 2917
0.8 -0.2 0.32 90 2917
0.8 -0.2 0.32 100 2917
0.8 1.66533e-16 0.36 0 2917
0.8 1.66533e-16 0.36 10 2917
0.8 1.66533e-16 0.36 20 2917
0.8 1.66533e-16 0.36 30 1916
0.8 1.66533e-16 0.36 40 1679
0.8 1.66533e-16 0.36 50 190
0.8 1.66533e-16 0.36 60 544
0.8 1.66533e-16 0.36 70 1403
0.8 1.66533e-16 0.36 80 2459
0.8 1.66533e-16 0.36 90 2917
0.8 1.66533e-16 0.36 100 2917
0.8 0.2 0.32 0 2917
0.8 0.2 0.32 10 2917
0.8 0.2 0.32 20 2917
0.8 0.2 0.32 30 2917
0.8 0.2 0.32 40 1838
0.8 0.2 0.32 50 1342
0.8 0.2 0.32 60 135
0.8 0.2 0.32 70 689
0.8 0.2 0.32 80 1529
0.8 0.2 0.32 90 2392
0.8 0.2 0.32 100 2917
0.8 0.4 0.2 0 2917
0.8 0.4 0.2 10 2917
0.8 0.4 0.2 20 2917
0.8 0.4 0.2 30 2917
0.8 0.4 0.2 40 2113
0.8 0.4 0.2 50 1857
0.8 0.4 0.2 60 267
0.8 0.4 0.2 70 103
0.8 0.4 0.2 80 829
0.8 0.4 0.2 90 1633
0.8 0.4 0.2 100 2917
1 -0 0 0 2917
1 -0 0 10 2917
1 -0 0 20 2917
1 -0 0 30 2052
1 -0 0 40 421
1 -0 0 50 72
1 -0 0 60 135
1 -0 0 70 1744
1 -0 0 80 2917
1 -0 0 90 2917
1 -0 0 100 2917
