-0 -1 0 70 2917
-0.6 -0.8 0 70 2917
-0.4 -0.8 0 70 2917
-0.2 -0.8 0 70 2917
1.66533e-16 -0.8 0 70 2917
0.2 -0.8 0 70 2917
0.4 -0.8 0 70 2917
-0.8 -0.6 0 70 2917
-0.6 -0.6 0 70 2917
-0.4 -0.6 0 70 2917
-0.2 -0.6 0 70 2917
1.66533e-16 -0.6 0 70 2917
0.2 -0.6 0 70 2917
0.4 -0.6 0 70 2917
0.6 -0.6 0 70 2917
-0.916515 -0.4 0 70 2917
-0.716515 -0.4 0 70 2917
-0.516515 -0.4 0 70 2917
-0.316515 -0.4 0 70 2917
-0.116515 -0.4 0 70 2917
0.0834849 -0.4 0 70 2917
0.283485 -0.4 0 70 2917
0.483485 -0.4 0 70 2917
0.683485 -0.4 0 70 2917
0.883485 -0.4 0 70 2917
-0.979796 -0.2 0 70 2917
-0.779796 -0.2 0 70 2917
-0.579796 -0.2 0 70 2917
-0.379796 -0.2 0 70 2917
-0.179796 -0.2 0 70 2917
0.0202041 -0.2 0 70 2917
0.220204 -0.2 0 70 2917
0.420204 -0.2 0 70 2917
0.620204 -0.2 0 70 2917
0.820204 -0.2 0 70 2917
-1 -5.55112e-17 0 70 2917
-0.8 -5.55112e-17 0 70 2917
-0.6 -5.55112e-17 0 70 2917
-0.4 -5.55112e-17 0 70 2917
-0.2 -5.55112e-17 0 70 2917
-5.55112e-17 -5.55112e-17 0 70 2917
0.2 -5.55112e-17 0 70 2917
0.4 -5.55112e-17 0 70 2917
0.6 -5.55112e-17 0 70 2917
0.8 -5.55112e-17 0 70 2917
1 -5.55112e-17 0 70 1744
-0.979796 0.2 0 70 2917
-0.779796 0.2 0 70 2917
-0.579796 0.2 0 70 2917
-0.379796 0.2 0 70 2917
-0.179796 0.2 0 70 2917
0.0202041 0.2 0 70 2917
0.220204 0.2 0 70 2917
0.420204 0.2 0 70 2917
0.620204 0.2 0 70 2917
0.820204 0.2 0 70 2039
-0.916515 0.4 0 70 2917
-0.716515 0.4 0 70 2917
-0.516515 0.4 0 70 2917
-0.316515 0.4 0 70 2917
-0.116515 0.4 0 70 2917
0.0834849 0.4 0 70 2917
0.283485 0.4 0 70 2917
0.483485 0.4 0 70 2917
0.683485 0.4 0 70 1019
0.883485 0.4 0 70 119
-0.8 0.6 0 70 2917
-0.6 0.6 0 70 2917
-0.4 0.6 0 70 2917
-0.2 0.6 0 70 2917
-5.55112e-17 0.6 0 70 2917
0.2 0.6 0 70 2917
0.4 0.6 0 70 1041
0.6 0.6 0 70 127
0.8 0.6 0 70 55
-0.6 0.8 0 70 2917
-0.4 0.8 0 70 2917
-0.2 0.8 0 70 2917
1.66533e-16 0.8 0 70 2917
0.2 0.8 0 70 778
0.4 0.8 0 70 63
-0 1 0 70 436
